-3849
1065
3003
3592
149
-5921
-70
-4587
-2651
-5044
13308
1004
-2662
1759
5342
5621
4019
-1036
892
-22
-4103
-8688
2000
-3122
-2234
1462
4880
3015
4055
-1573
21
-826
1967
-951
-351
-9465
-3979
-186
2867
3627
-980
-2696
-1537
-2572
8328
4499
388
-7758
-4243
1542
5614
2844
91
-3210
777
4085
8163
-2887
-1828
-10948
-4853
-273
2816
2371
8556
5077
1947
-2860
2268
-6128
-5248
-3672
-4949
-1081
-832
-4383
1583
-300
-3847
434
3933
-4926
10877
3490
-4455
-1049
2039
896
3917
1219
3514
1735
4709
-12165
2750
-3112
-4772
-136
3026
1549
1279
-228
-248
-2066
2868
-1455
6574
-6391
-4709
-467
2594
3613
511
1665
4519
-4814
807
-6576
3486
-627
-4590
-11
2988
-169
4495
2179
4133
-5250
-963
-7917
-519
5626
-2775
3413
4834
201
3479
-921
148
2787
430
-7892
-839
-2865
-5146
-996
783
-2046
2467
8672
2230
-2771
-723
-6649
3917
263
-2667
2798
2612
-104
4240
6682
4271
-6249
3115
-7243
-4581
-2874
-6669
-2044
1414
-3798
-3512
-876
3025
-2374
3973
2980
11073
-3192
-1780
1500
5485
3692
3558
3570
3531
-6027
-1854
-3059
4137
-12751
-4108
-720
3553
4925
8008
9247
2403
-6384
-5817
-13691
1173
1411
-5835
-1279
2246
2490
7569
6259
3398
-3917
3593
-11239
-3517
231
-4313
-561
3822
3491
3052
2506
3892
-3956
244
758
-2609
-6326
-2152
33
3012
-1131
-396
-178
632
-3382
7281
285
2057
-6060
-5629
-987
-958
5018
9410
5628
7992
-3882
-345
-11249
3021
-8020
-3624
1110
3594
6474
4178
2068
-1275
-3214
4079
-6446
2044
-8988
-5515
450
888
150
6429
-424
763
-868
-3812
-981
8826
-5909
-2657
3387
5160
2364
4551
1474
113
-3473
4797
-1005
-4328
-10383
-4052
-466
-418
1332
6033
2337
-138
-7390
8566
-6436
-1107
1739
-4608
310
1002
1275
6859
5372
-3403
-8422
4415
-4675
972
903
-1977
1832
2303
1631
2336
4926
-473
-1708
4985
-8127
-1879
-3851
-3318
218
1060
223
-2341
-2699
510
-1790
6056
-5023
4944
2159
-5241
83
2619
1620
2673
-1164
-1740
-9994
5166
4095
2493
-608
-6612
-2713
-865
5319
8725
2027
-3919
-12860
1251
-4984
11104
3528
-3981
69
3225
5929
7580
10351
7924
-11152
-4752
-7810
-5831
-1552
-2535
1744
3075
-295
753
7036
-2976
-6159
2011
3588
741
-6984
-6618
-2415
581
330
6296
-1018
6081
115
2578
4915
2281
-13127
-4693
1063
2732
-1995
3407
-2928
747
3361
9357
-9037
1811
-3826
-2818
2257
1944
-944
-2688
-4623
2093
-1140
4322
-7101
8869
-170
-5906
-1886
-1298
-3647
-801
-4452
2562
-486
10782
1804
4772
-1445
-5008
-148
1483
-3144
-2899
-4985
2846
3688
6607
-263
9999
-8177
-3781
269
2570
-2428
1083
5151
5583
-6083
-2293
-2095
6201
-4177
-6029
348
2489
-853
3414
6322
2101
-7092
2367
39
4374
-7480
-5794
-200
1230
1665
3819
8641
-305
-8739
896
-537
3364
-4040
-5914
-862
226
-1123
3024
-167
3023
-7503
-2507
6850
4041
911
-3451
2118
3841
2138
2404
8458
6609
-3409
-12834
-12600
4751
1974
-3502
-79
-798
-3512
-2878
-230
632
-4082
6522
-267
7666
528
-3865
-2417
1071
-268
5474
6941
-563
-5182
1911
-3742
1376
-736
-3893
-529
2584
194
549
3286
672
-12613
2862
-6563
5616
7835
-5291
-344
2148
2234
5298
5324
10197
-4517
-107
-7598
-6331
-1011
-4576
-484
2832
2089
1111
3754
5799
-1498
4196
-5092
-6240
-1891
-6351
-2334
-947
930
2966
771
7219
-2042
5251
1964
-1842
-5587
-4380
1495
1851
3109
6093
5866
-1307
-8150
6899
-4600
-5049
-1826
-6272
156
-1895
2060
26
2934
-1041
-2565
-2097
-5557
3578
10673
-8527
-1072
-4893
47
-7296
796
2718
6403
1796
932
7263
1832
-3913
-2461
209
2815
-2546
-1196
3502
-243
-3665
-462
12159
-4197
-6066
-4470
2135
3497
-4614
3713
8075
11976
-2123
3588
1037
-16748
-4866
-2313
-220
-1638
-4130
-3269
1880
1342
6280
-515
7335
114
-4582
-2623
628
113
-2421
-1100
4057
-536
6775
-6065
5542
211
-4972
-2100
914
-326
-537
2903
10379
7815
7811
-7433
-2765
-11689
-3747
-1423
436
1144
-1081
-36
-5263
9190
7924
-4862
4205
-6489
-3913
-2062
177
2433
1832
1385
5476
1130
68
-8493
3556
-1589
-4640
939
3578
-433
1062
3161
2018
-1057
1413
-4285
2483
-4239
-1823
993
3568
-1983
-5439
540
1474
-4139
7225
-3041
5257
-2630
-1917
-66
2888
2639
4736
4267
281
-6997
2317
-2353
-839
-4957
-4861
-2152
-101
107
2775
2956
3742
-4695
-2526
1455
4095
-796
-1729
3294
3156
-2151
-907
2424
4685
-2196
-11137
-5130
6749
2942
-3652
828
1633
-839
-820
4469
8499
4901
2193
-8519
-3421
-5271
-2580
1868
2994
3724
8302
3824
4408
-4387
-2050
-10616
-1061
-4426
-2232
1953
5837
3747
6535
3721
-1160
-3964
2344
-11427
1292
-6644
-2414
2126
3629
3209
9918
3504
4207
-2230
-4506
-13819
-1578
-2044
-4390
549
2506
-3224
3591
4288
-1570
-6307
7988
-991
1174
-3615
-7132
-2743
798
3957
3204
704
3681
-3065
14789
2239
-3187
-13245
-4262
-573
1241
3795
360
-510
6807
-1673
5590
-4166
-3040
-3569
-2174
31
733
-5092
-5284
-5477
-7102
-4302
9989
4242
9353
5083
-6434
-2584
-433
1193
1113
3161
4226
1926
11432
-4358
2842
-12086
-13
-4819
-15697
-5537
11577
10050
14415
-7958
-7587
-6380
13982
-2033
6877
-2405
-19464
-8089
8283
6444
19436
-13040
-1735
-13271
18494
-1530
8796
-2488
-17210
-14219
17109
1848
26570
-11201
-10681
-16129
25256
-7651
7981
-5214
-16994
-11203
14953
856
28203
-13095
-13105
-10821
22802
-4363
8364
-5403
-15738
-11434
14442
4177
25372
-10713
-14902
-7211
20071
-7026
11616
-4301
-17017
-6754
7731
6606
29951
-12418
-12499
-11962
21507
-12458
6886
-5865
-19097
-8892
9054
3795
32767
-12298
-13839
-10366
20692
-2838
7220
-5479
-17486
-8961
9377
3365
28298
-13535
-14578
-8471
23894
-3644
10361
-4355
-16409
-9115
9383
1769
29012
-13407
-18980
-9081
27536
-6715
8315
-3761
-19267
-5399
11036
-4967
30749
-13447
-20062
-5984
27442
-4656
8032
-1123
-16742
-6686
11914
-8004
31449
-5874
-17350
-1468
15669
-9818
9819
1758
-14678
-8127
12861
-4755
27615
-9200
-19401
3247
6534
-5674
5744
-2903
-19742
-6372
12213
6429
24223
-11104
-20089
-4846
17454
-1008
4459
1113
-11725
-11269
8071
6887
29592
-9339
-18278
-7263
14408
-6656
5260
1650
-9762
-6411
7017
-1727
25468
-13493
-12888
-6995
14754
-2873
5159
3587
-9558
-5688
8102
-5286
21975
-15289
-3864
-7836
5199
3500
2964
3249
-8662
-3947
6830
-10612
15369
-14890
-4846
449
12698
1398
2429
2787
-9427
-3358
2065
-6615
26192
-15459
-12710
-4900
16882
2115
5079
4818
-8094
-5440
3811
-4543
24649
-14548
-7211
-6728
10406
-2199
4991
5621
-6865
-8349
2436
708
25111
-12392
-4899
-8233
1953
-82
6608
5925
-10914
-8347
6606
3129
28232
-13162
-9975
-13873
-258
6029
3548
286
-9519
-5501
6978
3084
23620
-5464
-13290
-10537
4972
1823
-1920
-4017
-6210
-2804
6923
7321
18370
-13721
-12576
-8288
15111
1811
-2450
-4903
-7540
-9624
3836
9512
18553
-3910
-1852
-2952
5210
-3881
203
-1687
1872
-2031
127
9481
7093
-5455
-12647
-7475
12566
-2045
-3420
-6123
-4636
-6466
-640
13558
13736
-3430
-5451
-8674
17417
-5871
