769674
491754
110996
-487622
-256561
-456954
19612
-766908
299550
-1555686
853221
625555
94433
-524979
228808
-95853
953275
585861
-795254
-2384776
1115457
372744
-269646
-715677
314572
509254
1234518
-557304
-999110
-1508039
886624
379167
523906
332191
-641085
-772055
552854
-768018
-495772
-160170
444323
-176811
861219
710990
-443028
-296236
1052477
-771273
921207
398808
422872
-4803
656443
161309
246930
327814
610655
-1983067
314799
781961
593869
51483
92520
-504499
-42449
-20042
281318
-740803
1183175
-953281
708809
367754
64700
-264134
706687
-638138
42779
-547412
1224748
-680621
699567
126779
290181
364195
229450
-1018367
-436489
-734609
599409
894809
734430
-309995
94687
297319
-104643
-93242
464437
-1889343
176016
324865
610918
-229081
583417
912713
385034
-1123588
89577
-1327653
518380
349273
506202
-258019
679576
986674
333859
-1470227
-318313
-329572
-367186
-104189
638984
-335627
-158554
617027
745387
-37804
376289
-86735
700719
-1095628
682944
201842
-49054
79376
417433
-862288
134172
-275650
1299626
-1540618
660535
403433
619198
352502
-538755
-2101783
-560139
-935364
1334182
776677
1021511
668581
1195539
1002903
-183104
-1441490
41198
-1610846
-540229
663511
824097
540179
586776
519396
475570
-483682
-94876
-702995
-390223
-1486313
437482
-7891
30423
300131
682841
-306462
1028653
-182351
-218426
-1549890
481736
450769
1243112
339488
121960
-1086406
-156401
-900810
132074
86642
692052
662568
744131
-352900
-302716
-952136
751925
-1150611
468947
-632608
474241
358400
704060
254662
13713
-153633
438391
-924056
1688333
-1836105
722854
86472
394725
278395
-292871
-432836
346782
-238590
83485
-2004979
262465
224404
1014731
-29026
-188489
-1198419
951346
240050
-1288848
-134455
478415
326286
1264369
582369
-790851
-1763357
1378447
-188427
-302088
488974
258584
56473
413458
508062
-156858
-1174977
1252783
-1635986
-7203
191858
268207
82940
-15128
-48539
411773
202580
885313
-1469665
150969
372352
758198
282786
55215
-174784
-381159
-582775
1020058
723150
451102
-951002
557996
826747
1046906
-360372
-1433851
-2163308
979512
716403
1616443
440611
479411
847733
1046810
420957
-70316
-2985541
-889173
-434579
717445
974259
359019
78099
82896
1257158
376414
-2158685
310416
-297567
283633
-1537363
701040
326997
815875
769155
190703
-21319
507610
-168813
-292873
-2521458
738532
-205122
549865
51625
-338659
1009186
913720
-1270526
-782620
-68889
301988
-600204
-106988
-684001
1091601
339771
1090881
-936832
437561
614872
309874
-305494
229589
-566016
779166
308582
1161449
-320930
717157
-1042738
473657
-334307
-379198
-458897
680153
492837
1149624
-723662
1110567
-1514090
370365
-587703
-337214
199843
807053
-1233268
-82173
30542
2037984
-599364
727501
-369365
193747
697379
156323
-1999598
79200
809567
1264903
-1419311
708416
4358
665373
920747
-219346
-2126700
648478
520277
480916
-1115959
398566
-12560
707317
529330
-16700
-1001733
-111865
910378
1154902
-1135128
464158
-24177
145308
852276
570029
-1148195
-1785451
-1187507
2020304
1227532
117553
-374611
-27347
503382
903118
-972679
195046
-269479
227041
763924
295615
177771
571350
1114474
-366150
-1108727
682197
-34329
-213897
-637125
484491
22397
-9776
426993
-263752
-2001565
553771
117317
919339
1253470
751218
61509
537747
501193
634333
-1165190
-758003
-947348
-113975
726845
723791
267262
234580
439899
819461
-968268
170217
-1746061
-773000
-22496
442628
391165
638894
313687
1140657
-402934
699085
-333861
-994862
-1123018
466513
178391
728433
525876
-255150
-1480886
1448565
195443
-1143320
-252891
202506
169377
464458
271961
166738
-1220204
988261
-665762
457113
1634881
107140
315640
59379
326937
1175513
599743
228770
-1688829
1191233
467976
-220713
689857
-708951
-125850
678834
572980
-752762
-382265
1956338
-358837
143346
1044007
-1319784
100686
1024898
974751
-1074213
-505849
1288495
-2280031
461470
197823
-785068
212387
951402
770297
293896
-14224
209113
-1208632
338007
-28341
-565419
237287
588000
582503
629708
489202
-193894
399524
399476
25873
-362480
167505
1147836
261121
286471
-1849480
-262500
-543742
303731
66764
-202042
54987
81224
884815
2090386
-2231679
152427
-1087568
215821
330298
173695
-34694
293450
612286
572047
-1196055
1048496
-288993
685924
-42302
-239885
489874
106801
26995
-552986
-424159
1074209
-575498
545263
-379986
-896232
509787
1028264
-556141
884534
-156586
191255
-783918
410096
109831
177565
284095
-248403
-1176021
675489
156775
129885
-842166
584233
249789
591262
474808
-324422
-1221918
-93089
-28907
1358361
-829965
528129
-491054
-36181
741659
902959
-605886
-1404136
-855424
2162113
513122
413308
-449554
-251971
659112
1368621
-117265
-875108
-1659379
-254504
481596
562995
202716
708400
227844
-17104
-663835
-660900
-1016973
-565552
82445
732012
330551
494399
218086
-595069
-831928
692616
-1050597
89146
-153784
759848
395974
1155976
326710
-150035
-748888
-365201
-2179467
404367
202525
848748
-148079
947220
1035273
-102230
-1047213
704042
-645815
-147082
-1184034
835263
634413
871088
-48915
600370
-608174
1626483
226287
-1812976
-2656527
442936
512673
440599
-670615
808275
-50580
779681
-796516
-624113
-777936
11891
-391948
-603568
95774
459631
-161765
2614190
166109
568305
-120584
418485
170938
-82485
254207
314301
-489693
1923288
-698783
-245933
-823730
-1583668
-258875
2757356
1397490
-3144
-1924134
-1887668
-596617
2914538
260475
-3670816
-961345
3450619
2156794
1631344
-2111781
-2221687
-402541
3578146
582345
-3874780
-1552164
3328303
1760276
2469990
-1720049
-3116659
-1445051
4353381
292586
-3414367
-1079717
3263257
953928
3114786
-2223161
-3374144
-1617205
5612176
-860243
-3100106
-1150907
3563615
390046
4007733
-2931662
-3171203
-956815
5125182
-1989993
-3463655
-959858
2937639
469840
4943701
-3386118
-3404468
-955032
4440669
-1605597
-3217571
-862427
3012761
631025
5109294
-2800483
-4076732
-718587
4269380
-828914
-2972881
-709634
2546140
1083024
4379006
-2905350
-3349099
-670494
4985038
-1169849
-3465432
-959466
2385442
655722
4476378
-3025662
-3657343
-582422
5764447
-1011340
-3447537
-748398
2987805
-447687
4342860
-2227519
-4455328
-314469
6115532
-1280437
-3047535
-893837
2968310
-1018820
4450585
-1251128
-4354760
-380670
4583873
-2533428
-3147862
-1177103
2587429
-675662
4424904
-2074226
-4010589
617238
3208809
-2682257
-3206091
-617823
3338082
145232
4248014
-3632098
-3864549
906346
3503289
-606241
-2341035
-1153314
2302212
1133117
4837529
-3428030
-4450609
127724
3012057
64858
-2164309
-1178080
1356356
385791
4301650
-2089148
-3747593
138880
2848029
-568384
-2001199
-1195742
1925919
-679913
3544616
-2064707
-1851462
370865
1058678
-54849
-1591573
-851856
1740417
-1443509
2895590
-2171600
-784246
596194
1775302
-559473
-1599444
-523325
1324579
-1529176
4254265
-2618562
-2545327
50795
3625195
279767
-1873625
-877289
1085602
-896826
4361469
-3061944
-2858929
-61088
2660001
375989
-1767223
-1343333
662341
298517
4371801
-3426243
-1857484
-500249
978862
24279
-2091562
-1526702
1616677
721949
4283506
-3466070
-2544031
-1259797
1068684
1253411
-1902386
-708782
1908734
512143
3660713
-2445893
-2532011
-1971693
1875514
1132652
-952314
358554
1414524
543096
3309621
-3273932
-2051896
-889324
2787634
587803
-797239
-391637
1164964
1781592
3291491
-2628867
-1472451
-364552
1079830
-723776
-366686
-537758
-29862
1469663
2350144
-2250433
-964641
-1188770
2516958
-426252
-302864
-515215
217360
1910296
2327028
-1990211
-1270948
-1044328
3009371
-19013
