14
14
3
0
40
19
0
29
48
16
6
3
2
5
6
29
23
10
42
31
15
0
21
15
0
29
21
1
47
3
22
0
29
0
12
25
14
0
63
0
27
0
48
0
33
10
19
0
25
13
30
0
35
9
11
17
21
2
25
9
32
1
38
19
12
26
10
22
0
8
33
1
44
0
29
10
0
16
0
55
33
0
42
0
39
23
11
21
0
36
38
0
37
9
27
18
0
23
0
24
35
1
42
0
30
18
4
15
8
7
26
0
42
0
14
32
0
17
22
18
13
0
20
13
2
33
12
40
0
34
20
7
12
23
8
17
0
44
16
5
22
18
36
0
40
32
0
30
19
0
20
8
37
1
40
25
0
7
9
14
21
3
19
7
21
7
21
11
37
36
22
0
27
11
33
11
21
10
10
28
18
6
8
15
11
0
36
29
21
0
9
16
10
1
35
20
5
1
26
18
18
15
25
12
21
14
26
11
1
24
10
29
18
29
28
0
68
4
0
0
15
21
15
40
0
26
15
18
0
1
25
14
14
42
0
89
0
39
0
30
22
16
16
34
0
47
0
33
0
14
23
18
0
32
18
0
21
28
5
2
9
12
0
11
35
0
32
24
26
25
18
0
28
12
0
35
9
23
17
32
27
0
29
5
0
48
0
25
15
3
26
0
48
0
20
34
0
13
49
0
30
1
18
8
22
19
29
28
0
22
26
20
0
32
26
19
0
77
0
53
36
6
20
14
39
13
3
51
0
45
32
13
21
18
42
0
38
26
0
24
17
18
12
2
31
25
0
40
0
33
14
11
8
7
10
24
2
26
15
51
16
4
5
35
0
21
36
5
27
41
28
4
22
14
6
13
32
55
0
11
31
0
35
13
0
53
0
42
0
0
30
1
31
14
12
38
3
0
47
1
22
0
47
0
55
0
21
0
54
0
0
26
1
7
56
0
11
18
15
32
0
63
0
30
46
0
0
47
0
69
0
52
0
32
37
0
0
46
0
69
0
49
0
24
40
0
0
47
0
64
0
42
0
9
46
14
0
73
0
68
0
39
0
11
51
0
0
68
0
86
0
38
0
26
35
0
0
46
0
75
0
37
0
39
22
13
0
30
0
61
0
40
0
36
28
0
0
41
0
69
0
23
0
17
21
12
0
44
0
81
0
38
0
29
20
5
0
67
0
87
0
43
0
17
47
0
0
51
0
126
8
19
17
0
45
0
11
26
0
86
16
7
24
4
36
1
2
18
12
27
26
0
40
16
6
26
2
17
0
32
43
0
17
58
0
33
19
0
30
0
43
14
10
42
0
32
11
0
50
0
41
3
26
26
8
11
14
17
7
12
37
4
26
16
20
14
15
23
0
5
31
0
30
7
17
13
5
7
17
8
36
0
40
9
8
20
31
0
18
27
42
8
33
25
9
39
20
0
12
7
39
12
29
13
19
9
14
0
24
1
41
6
45
0
58
0
9
4
1
8
36
5
42
0
28
0
27
0
0
40
38
3
25
28
7
0
26
11
2
7
43
8
25
27
3
33
18
0
28
0
45
10
28
20
11
12
25
0
13
11
33
13
28
7
23
14
37
0
0
22
26
20
27
15
23
5
32
10
11
0
33
10
36
17
36
17
12
13
7
9
45
0
39
0
22
29
0
34
0
49
30
0
28
0
19
26
14
22
0
23
29
12
13
10
30
0
45
0
27
9
35
3
21
4
35
0
27
12
40
0
37
0
37
0
29
11
4
17
38
0
40
0
40
0
27
9
21
4
8
9
37
6
50
6
17
18
9
0
16
0
35
0
36
0
7
0
26
7
23
23
42
0
39
0
15
4
29
3
3
58
47
0
41
9
12
5
21
0
17
9
42
9
43
1
39
0
6
0
29
0
38
0
41
0
19
0
24
16
0
30
36
0
17
0
22
0
18
33
2
41
38
0
34
1
21
0
20
29
0
48
35
0
42
0
6
11
12
19
4
44
36
0
45
0
5
33
0
19
1
19
30
0
36
0
15
22
10
14
2
12
37
0
36
0
4
11
15
0
19
72
39
0
16
30
3
16
25
8
7
45
22
15
0
37
3
15
35
0
23
18
16
20
9
10
26
6
24
0
17
54
19
6
31
12
4
7
20
6
20
35
21
3
29
9
20
32
8
21
2
13
18
2
41
0
14
37
0
16
0
35
